66 1
88 1
89 1
179 1
180 1
204 1
205 1
66 2
68 2
88 2
180 2
203 2
205 2
67 3
69 3
77 3
86 3
88 3
180 3
182 3
189 3
202 3
203 3
204 3
209 3
210 3
54 4
55 4
67 4
70 4
77 4
78 4
86 4
87 4
181 4
182 4
189 4
190 4
191 4
192 4
201 4
202 4
203 4
208 4
211 4
212 4
213 4
214 4
54 5
55 5
67 5
69 5
72 5
73 5
78 5
79 5
92 5
176 5
190 5
191 5
192 5
193 5
202 5
203 5
204 5
209 5
210 5
212 5
213 5
214 5
66 6
68 6
72 6
73 6
78 6
79 6
80 6
90 6
91 6
92 6
176 6
177 6
178 6
190 6
193 6
203 6
205 6
66 7
72 7
73 7
78 7
79 7
89 7
179 7
190 7
191 7
192 7
193 7
204 7
205 7
77 8
78 8
89 8
90 8
178 8
179 8
189 8
190 8
191 8
192 8
201 8
77 9
189 9
202 9
200 10
201 10
202 10
181 11
179 12
180 12
182 12
183 12
53 13
70 13
72 13
215 13
53 14
54 14
55 14
71 14
72 14
84 14
85 14
87 14
89 14
90 14
178 14
184 14
213 14
214 14
215 14
56 15
71 15
84 15
90 15
212 15
55 16
56 16
85 16
89 16
178 16
179 16
181 16
183 16
184 16
194 16
195 16
212 16
213 16
86 17
87 17
88 17
195 17
196 17
208 17
27 18
28 18
194 18
206 18
207 18
18 19
19 19
28 19
62 19
179 19
207 19
208 19
18 20
19 20
28 20
30 20
37 20
39 20
63 20
64 20
179 20
182 20
29 21
30 21
37 21
40 21
62 21
63 21
179 21
40 22
41 22
58 22
182 22
183 22
18 23
38 23
42 23
43 23
57 23
58 23
59 23
183 23
17 24
18 24
19 24
40 24
41 24
56 24
57 24
58 24
59 24
60 24
85 24
181 24
183 24
16 25
20 25
37 25
40 25
46 25
47 25
55 25
57 25
59 25
61 25
84 25
181 25
182 25
199 25
201 25
207 25
208 25
212 25
213 25
18 26
37 26
39 26
46 26
48 26
55 26
56 26
60 26
61 26
84 26
85 26
86 26
199 26
200 26
15 27
21 27
48 27
69 27
71 27
200 27
208 27
212 27
15 28
21 28
48 28
49 28
70 28
71 28
176 28
177 28
181 28
182 28
209 28
210 28
211 28
16 29
20 29
70 29
176 29
182 29
209 29
210 29
211 29
17 30
18 30
19 30
189 30
39 31
78 31
87 31
88 31
89 31
90 31
91 31
177 31
181 31
187 31
189 31
22 32
23 32
40 32
60 32
61 32
79 32
86 32
88 32
89 32
90 32
92 32
178 32
179 32
180 32
188 32
189 32
207 32
208 32
23 33
24 33
38 33
39 33
40 33
60 33
78 33
79 33
80 33
87 33
91 33
208 33
22 34
61 34
62 34
63 34
74 34
76 34
78 34
88 34
89 34
90 34
205 34
206 34
207 34
54 35
55 35
63 35
75 35
76 35
89 35
205 35
54 36
76 36
52 37
54 37
52 38
53 38
72 38
73 38
105 38
195 38
196 38
73 39
88 39
89 39
104 39
106 39
179 39
180 39
195 39
20 40
33 40
49 40
50 40
70 40
71 40
72 40
88 40
89 40
102 40
103 40
107 40
122 40
123 40
179 40
180 40
184 40
186 40
196 40
197 40
198 40
19 41
20 41
21 41
31 41
33 41
70 41
94 41
102 41
103 41
107 41
121 41
123 41
184 41
185 41
198 41
19 42
20 42
21 42
32 42
33 42
48 42
49 42
50 42
92 42
93 42
94 42
102 42
103 42
107 42
120 42
121 42
122 42
185 42
91 43
99 43
100 43
104 43
106 43
119 43
120 43
121 43
17 44
18 44
22 44
23 44
44 44
59 44
60 44
80 44
81 44
91 44
92 44
98 44
100 44
105 44
112 44
120 44
121 44
122 44
17 45
18 45
22 45
23 45
44 45
45 45
60 45
80 45
98 45
110 45
111 45
121 45
123 45
129 45
130 45
43 46
45 46
60 46
62 46
68 46
78 46
80 46
88 46
89 46
90 46
97 46
98 46
111 46
112 46
122 46
123 46
129 46
131 46
61 47
62 47
67 47
69 47
78 47
79 47
88 47
89 47
90 47
131 47
65 48
66 48
70 48
108 48
109 48
131 48
132 48
30 49
31 49
65 49
66 49
70 49
108 49
110 49
29 50
30 50
31 50
35 50
36 50
38 50
65 50
66 50
70 50
81 50
108 50
17 51
18 51
26 51
28 51
29 51
35 51
39 51
42 51
67 51
69 51
80 51
86 51
87 51
91 51
92 51
18 52
26 52
29 52
34 52
39 52
42 52
43 52
68 52
80 52
81 52
82 52
87 52
88 52
89 52
90 52
91 52
103 52
105 52
15 53
16 53
17 53
26 53
28 53
29 53
34 53
35 53
36 53
37 53
43 53
44 53
53 53
54 53
88 53
89 53
90 53
103 53
104 53
15 54
21 54
22 54
29 54
30 54
31 54
35 54
43 54
44 54
45 54
53 54
54 54
89 54
104 54
20 55
22 55
30 55
31 55
43 55
44 55
20 56
42 56
43 56
115 56
116 56
117 56
129 56
19 57
20 57
42 57
115 57
129 57
130 57
131 57
116 58
132 58
131 59
132 59
86 60
87 60
69 61
87 61
70 62
84 62
85 62
86 62
59 63
68 63
69 63
70 63
75 63
77 63
84 63
123 63
124 63
133 63
134 63
135 63
5 64
6 64
30 64
31 64
37 64
59 64
60 64
61 64
76 64
77 64
123 64
125 64
132 64
133 64
135 64
136 64
6 65
29 65
30 65
31 65
35 65
39 65
62 65
76 65
123 65
132 65
133 65
135 65
136 65
6 66
8 66
17 66
26 66
28 66
29 66
35 66
61 66
62 66
132 66
133 66
134 66
135 66
136 66
1 67
7 67
8 67
17 67
19 67
26 67
29 67
34 67
40 67
131 67
132 67
136 67
137 67
1 68
2 68
3 68
18 68
20 68
26 68
28 68
29 68
39 68
40 68
44 68
45 68
46 68
4 69
18 69
21 69
29 69
30 69
31 69
46 69
120 69
3 70
4 70
18 70
20 70
30 70
31 70
45 70
51 70
92 70
93 70
113 70
114 70
120 70
121 70
131 70
154 70
156 70
17 71
19 71
49 71
50 71
51 71
93 71
113 71
119 71
121 71
129 71
130 71
132 71
154 71
155 71
17 72
27 72
48 72
93 72
95 72
102 72
111 72
113 72
132 72
155 72
5 73
6 73
7 73
28 73
29 73
48 73
49 73
94 73
95 73
100 73
102 73
111 73
112 73
188 73
189 73
190 73
5 74
6 74
7 74
27 74
28 74
61 74
62 74
66 74
67 74
99 74
101 74
129 74
131 74
132 74
188 74
4 75
8 75
62 75
63 75
64 75
65 75
66 75
98 75
101 75
131 75
134 75
189 75
62 76
63 76
65 76
66 76
99 76
101 76
132 76
134 76
3 77
4 77
8 77
9 77
62 77
63 77
65 77
66 77
100 77
102 77
63 78
64 78
65 78
72 78
83 78
102 78
70 79
71 79
84 79
85 79
92 79
93 79
164 79
165 79
34 80
36 80
71 80
72 80
83 80
84 80
91 80
93 80
164 80
169 80
35 81
36 81
77 81
78 81
93 81
131 81
132 81
133 81
154 81
155 81
162 81
164 81
169 81
170 81
171 81
3 82
4 82
5 82
35 82
43 82
44 82
48 82
49 82
61 82
62 82
77 82
78 82
130 82
134 82
153 82
155 82
161 82
162 82
163 82
172 82
7 83
8 83
29 83
30 83
31 83
38 83
39 83
45 83
46 83
47 83
62 83
129 83
135 83
152 83
159 83
160 83
161 83
171 83
172 83
7 84
8 84
31 84
38 84
40 84
44 84
48 84
59 84
60 84
61 84
130 84
134 84
152 84
155 84
158 84
161 84
8 85
9 85
30 85
40 85
45 85
47 85
59 85
131 85
132 85
133 85
152 85
159 85
160 85
6 86
8 86
12 86
40 86
41 86
46 86
131 86
132 86
133 86
145 86
146 86
153 86
155 86
173 86
174 86
175 86
6 87
7 87
12 87
14 87
144 87
146 87
154 87
155 87
162 87
163 87
164 87
173 87
174 87
175 87
12 88
13 88
110 88
111 88
129 88
130 88
144 88
162 88
172 88
176 88
110 89
111 89
130 89
143 89
144 89
163 89
1 90
2 90
6 90
7 90
22 90
23 90
127 90
128 90
129 90
171 90
172 90
176 90
177 90
1 91
2 91
6 91
7 91
21 91
23 91
43 91
44 91
45 91
99 91
127 91
155 91
13 92
23 92
49 92
51 92
100 92
153 92
154 92
3 93
4 93
5 93
14 93
15 93
34 93
35 93
43 93
45 93
50 93
51 93
98 93
99 93
100 93
105 93
107 93
154 93
155 93
165 93
167 93
3 94
4 94
5 94
13 94
14 94
34 94
42 94
43 94
44 94
45 94
46 94
50 94
106 94
107 94
165 94
168 94
4 95
22 95
32 95
34 95
41 95
42 95
46 95
47 95
106 95
169 95
170 95
171 95
172 95
21 96
23 96
32 96
33 96
41 96
42 96
46 96
47 96
137 96
138 96
171 96
20 97
22 97
23 97
138 97
167 97
19 98
20 98
22 98
23 98
138 98
140 98
168 98
20 99
22 99
23 99
44 99
57 99
139 99
140 99
146 99
148 99
170 99
15 100
16 100
21 100
23 100
42 100
43 100
58 100
59 100
124 100
126 100
146 100
147 100
4 101
5 101
14 101
16 101
22 101
57 101
58 101
124 101
125 101
147 101
4 102
5 102
14 102
41 102
93 102
94 102
125 102
13 103
14 103
94 103
95 103
42 104
45 104
93 104
171 104
172 104
173 104
44 105
45 105
170 105
174 105
119 106
121 106
169 106
175 106
120 107
121 107
148 107
149 107
150 107
169 107
175 107
113 108
120 108
148 108
172 108
62 109
63 109
98 109
99 109
106 109
107 109
114 109
115 109
149 109
170 109
174 109
44 110
50 110
51 110
61 110
63 110
97 110
100 110
105 110
108 110
113 110
114 110
161 110
171 110
240 110
42 111
46 111
50 111
51 111
52 111
63 111
96 111
97 111
98 111
99 111
100 111
101 111
104 111
105 111
106 111
107 111
108 111
109 111
122 111
161 111
162 111
172 111
175 111
238 111
239 111
240 111
46 112
52 112
53 112
55 112
67 112
97 112
100 112
105 112
108 112
122 112
123 112
150 112
156 112
157 112
162 112
163 112
175 112
237 112
41 113
47 113
52 113
55 113
66 113
67 113
98 113
99 113
106 113
107 113
121 113
123 113
150 113
152 113
156 113
157 113
162 113
163 113
164 113
174 113
237 113
238 113
41 114
42 114
52 114
53 114
55 114
65 114
66 114
71 114
72 114
75 114
76 114
131 114
133 114
138 114
139 114
151 114
153 114
156 114
157 114
162 114
163 114
175 114
176 114
177 114
50 115
51 115
52 115
64 115
65 115
66 115
71 115
72 115
75 115
76 115
131 115
132 115
138 115
139 115
151 115
154 115
161 115
162 115
170 115
171 115
177 115
50 116
51 116
65 116
66 116
71 116
72 116
132 116
151 116
153 116
161 116
170 116
172 116
216 116
217 116
233 116
66 117
67 117
150 117
152 117
172 117
216 117
217 117
233 117
234 117
67 118
150 118
172 118
173 118
232 118
234 118
46 119
47 119
46 120
47 120
32 121
43 121
44 121
32 122
34 122
42 122
43 122
44 122
35 123
36 123
43 123
44 123
216 123
35 124
36 124
46 124
47 124
53 124
54 124
215 124
216 124
217 124
225 124
226 124
35 125
36 125
46 125
47 125
53 125
55 125
215 125
216 125
217 125
226 125
227 125
23 126
24 126
32 126
34 126
55 126
134 126
135 126
225 126
22 127
24 127
32 127
44 127
55 127
56 127
134 127
135 127
213 127
214 127
218 127
219 127
22 128
42 128
44 128
213 128
214 128
218 128
219 128
21 129
22 129
43 129
44 129
218 131
219 131
63 132
64 132
91 132
218 132
220 132
37 133
64 133
65 133
91 133
92 133
93 133
220 133
221 133
35 134
36 134
63 134
94 134
219 134
220 134
36 135
37 135
93 135
94 135
219 135
220 135
215 136
216 136
217 136
18 137
18 138
19 138
20 138
21 139
58 139
20 140
21 140
56 140
57 140
58 140
55 141
92 141
215 141
216 141
220 141
221 141
55 142
56 142
92 142
93 142
24 143
25 143
91 143
93 143
216 143
220 143
24 144
26 144
217 144
218 144
219 144
24 145
217 145
218 145
219 145
105 146
106 146
14 147
15 147
37 147
38 147
48 147
49 147
62 147
63 147
105 147
107 147
15 148
37 148
39 148
49 148
50 148
62 148
105 148
15 149
17 149
27 149
32 149
33 149
38 149
39 149
40 149
48 149
55 149
60 149
62 149
16 150
17 150
26 150
28 150
30 150
31 150
34 150
39 150
40 150
41 150
54 150
56 150
60 150
61 150
217 150
218 150
25 151
29 151
31 151
32 151
33 151
38 151
39 151
40 151
53 151
57 151
58 151
217 151
218 151
25 152
29 152
31 152
32 152
37 152
39 152
53 152
57 152
58 152
69 152
25 153
29 153
30 153
37 153
38 153
53 153
57 153
58 153
69 153
70 153
71 153
87 153
88 153
26 154
28 154
54 154
56 154
72 154
87 154
88 154
112 154
113 154
114 154
27 155
55 155
71 155
72 155
112 155
113 156
74 157
75 157
88 157
62 158
75 158
87 158
89 158
60 159
61 159
62 159
75 159
77 159
78 159
86 159
90 159
128 159
130 159
59 160
76 160
77 160
86 160
87 160
88 160
89 160
90 160
120 160
121 160
122 160
128 160
132 160
59 161
60 161
78 161
85 161
86 161
90 161
91 161
115 161
116 161
119 161
122 161
124 161
132 161
86 162
87 162
88 162
89 162
90 162
113 162
116 162
119 162
120 162
128 162
133 162
138 162
139 162
87 163
88 163
89 163
104 163
105 163
112 163
132 163
138 163
139 163
69 164
70 164
88 164
104 164
105 164
112 164
123 164
124 164
125 164
128 164
132 164
70 165
71 165
112 165
128 165
130 165
69 166
83 166
84 166
113 166
116 166
54 167
55 167
59 167
60 167
83 167
85 167
115 167
116 167
54 168
55 168
59 168
60 168
83 168
56 170
57 170
58 170
56 171
57 171
58 171
62 171
57 172
62 172
63 172
61 173
63 173
85 175
86 175
87 175
84 176
88 176
54 177
55 177
55 178
70 178
71 178
83 178
89 178
52 179
53 179
54 179
71 179
72 179
83 179
84 179
88 179
89 179
52 180
70 180
76 184
77 184
76 185
78 185
88 185
89 185
66 186
71 186
72 186
77 186
78 186
79 186
88 186
65 187
67 187
69 187
70 187
73 187
78 187
79 187
80 187
89 187
90 187
91 187
53 188
54 188
64 188
68 188
70 188
71 188
72 188
77 188
78 188
79 188
91 188
53 189
54 189
64 189
68 189
70 189
71 189
76 189
78 189
85 189
86 189
64 190
68 190
69 190
76 190
77 190
85 190
87 190
65 191
67 191
87 191
66 192
87 192
88 192
Output File Saved in ../OutPat1D/final.data-2.500.500.500.out
7.062u 0.113s 0:04.84 148.1%	0+0k 0+472io 7pf+0w
1D Num tasks 2, 1 node, debug node 500 Gens 500 x 500
